

Djibouti TSP (0 is the first city):
   8, 11, 10, 18, 17, 16, 15, 12, 14, 19, 22, 25, 24, 21, 23, 27, 26, 30, 35, 33, 32, 37, 36, 34, 31, 29, 28, 20, 13, 9, 0, 1, 3, 2, 4, 5, 6, 7.

Qatar TSP (0 is the forst city):
   0, 5, 7, 6, 10, 13, 12, 15, 22, 24, 16, 25, 23, 20, 17, 32, 27, 21, 28, 44, 56, 59, 68, 73, 71, 77, 74, 75, 86, 79, 70, 81, 61, 58, 35, 62, 19, 64, 84, 85, 97, 89, 88, 93, 98, 100, 103, 110, 113, 112, 108, 101, 102, 90, 92, 95, 105, 104, 106, 107, 115, 116, 117, 121, 118, 125, 124, 126, 129, 131, 133, 136, 139, 144, 141, 145, 148, 155, 160, 162, 163, 168, 171, 178, 175, 181, 193, 185, 182, 186, 189, 191, 190, 188, 187, 183, 176, 180, 192, 184, 179, 177, 167, 166, 161, 169, 170, 165, 159, 154, 157, 158, 164, 174, 172, 173, 156, 153, 137, 138, 140, 143, 149, 152, 151, 146, 150, 147, 142, 134, 135, 130, 128, 132, 127, 123, 122, 119, 120, 114, 111, 109, 99, 96, 94, 91, 87, 82, 78, 80, 83, 76, 69, 63, 67, 36, 26, 33, 39, 42, 46, 38, 50, 65, 72, 66, 60, 57, 55, 52, 51, 53, 47, 45, 40, 37, 43, 48, 54, 49, 41, 34, 30, 31, 29, 18, 14, 11, 9, 8, 4, 2, 3, 1



F1 Sphere function:
 D = 50
  97.24999948587337,77.06120417282223,-19.03117638120652,25.428582559224417,-22.908901350428295,69.57212881800054,5.3696606624401095,61.48058468682168,-21.30069617758414,92.34681545608751,-93.97602788571928,90.74608484981242,42.87709138086493,29.309599065306724,-10.669614918655737,-65.07450033530381,67.04933357375417,94.01878372385515,-73.0051261514174,-49.802269590739236,82.00141900686447,35.293231593062664,24.632176517489984,2.4431802636057736,-99.30339927703695,-54.62232445205157,95.69137899027425,72.25049185881942,-97.12292544757409,-2.8446577426144444,-16.719350234750863,54.58058361119749,-2.3705247805159892,4.512680111528511,56.40999041544869,18.24586440247445,-74.7214042745237,-78.05609551804774,32.58091251741021,99.41842464405747,-30.763762620218486,-64.78914033040084,-86.42215196320012,-38.120808219249255,-33.04799563315544,-24.766309107179595,90.44146450177746,43.86414190496339,55.86835248849438,23.531715947967378,
  
 D = 500
  97.24970956431888,77.06068701632843,-19.03110502635017,25.42863817044602,-22.909492472190014,69.57189170423715,5.369641506756852,61.48059346742544,-21.30178672473635,92.34637579258882,-93.97561591375296,90.74591772646295,42.877068656027554,29.309391125359657,-10.669571224883772,-65.07445553815661,67.0492511231196,94.01876487310828,-73.00517390429047,-49.80223434606646,82.00159808928179,35.29372658110651,24.631795133094645,2.443034416029189,-99.30358819069075,-54.62209429060353,95.69120123245168,72.25056503951993,-97.12302859930446,-2.8446975933094705,-16.7190287004184,54.58076344069737,-2.3709131462207775,4.513371772432086,56.40996298686203,18.24591730488961,-74.721434377858,-78.05634489789672,32.580991219486755,99.41844056591277,-30.76387834143907,-64.78904942771693,-86.42205926374224,-38.120625867882545,-33.04785653406691,-24.766401168305002,90.4412041625572,43.86438262784451,55.86846708386019,23.531848289395835,29.84758179320467,51.2567429594878,-70.43286458452584,19.890811196558595,79.72114453160964,-65.61364370208003,63.78626957368249,-86.14127076895657,91.13755026795577,-36.53288464670269,-98.95981634433703,51.98715802753945,-38.263948176321186,43.05175141788935,-83.81081974837613,69.17547899947422,43.675181314789725,74.07888094990653,74.43213010326866,52.31288560438118,33.89131759264783,80.40574031973412,64.29206929064395,66.53155284639998,27.983512984070714,-68.75922883636446,56.633278974546876,46.28107972239087,12.946703531491845,44.669925103879876,-52.052162260787455,-2.0282727127510354,-15.279474648066763,59.13610515204598,52.6820717660432,-52.22203959224194,27.02179681233039,-53.69004502227233,23.18749139059691,-46.299357109089065,98.24256354374761,52.06365787155296,-3.565893297001096,89.03979695398915,-27.85126795898667,-83.12174325273665,89.70322571695934,38.16534624885145,23.101811284311765,78.99579042168017,-97.49247892352014,-39.81749040006364,93.01656041007473,-79.5820218958926,19.204409428970788,-6.204631672458027,43.46493672529518,71.77442892284894,-62.880007822265426,-7.525377906485366,80.66035259781212,-95.57879780141032,52.08138033866916,59.17003368297719,-37.23011644049241,-52.835243189049066,-1.1102368125239124,37.050896663191395,88.92659670721298,-12.137396535693853,-0.513140384092283,-80.27642336858726,10.887641202426806,-12.861218574280407,-63.7470026344397,-69.23739245320395,86.74652920765014,-72.74661939057091,99.70900722416472,38.12416179962865,92.20814955674753,55.10015486934404,-99.85521688200281,-34.90560578102896,8.821014696546658,-38.69855948555165,34.5414954094902,-30.85766479159217,96.12019824866826,-29.206490655864414,-96.09708135088768,62.551374397459576,96.56251585547318,-37.63313449794924,-24.21835905647034,49.605617002361946,-11.433853635974508,-80.02159964316498,98.52437704471552,7.252219931575798,-73.09044356854194,-73.73985992943874,72.7988075267524,41.65456570482493,99.64802600266047,63.151256645655806,56.447839735601235,52.72346911710125,80.99477962428915,-79.37564316099653,-57.65844724211543,70.21786424370652,48.59335414848594,-18.986180239821465,-38.99163501866575,-5.1611857845540285,-71.05264808184837,-1.1313491762540933,6.0248772121736005,2.0487539269432715,-54.50568229417347,86.99885689959916,3.538575811939918,-8.147759574052099,55.347496618243454,46.76063326917169,20.47662802433942,-88.6141090937859,-85.59926297178697,27.136123718004153,75.266438094797,-14.504344912071,41.68065831429002,-85.96145839897966,-96.18758151408504,1.662105384709648,73.88092318803393,59.70981740741329,59.84633042083901,-60.777399323782035,42.874416613818106,-56.99806720125591,57.30130296594625,-65.57051635691869,-58.770191817538944,-7.1049479137346205,-85.0942158925406,19.31638750539754,-61.80191101094991,86.9635641273255,-38.49773616574471,-7.621682479404131,65.95002092600016,-39.97250535603637,41.92335802390142,-85.07977326550947,50.043417732035934,-6.218841632739335,88.98283588573827,-97.2050902576193,-89.16018042692362,47.6896415506515,27.113213748765297,86.19443038980447,-7.807881883908814,2.5783374601273548,-15.103705847145532,-16.816545838658367,-22.352608756194325,71.10741020542447,64.60334963844608,82.78189254319389,67.20830970647864,73.61738431382423,55.117409365666234,-13.614340621470173,-12.780338559317231,-55.138775939389625,-97.36319420027259,-24.806679567779728,67.712516427253,-42.751367770843906,-43.1740424396001,-34.584069815443684,-4.758320291356992,-54.80363707326538,92.40051504148256,-38.708036077748204,55.785148389595236,79.0681332524694,-49.254735867147225,-70.84950281355289,-31.700364440053782,46.627277612253394,-93.2271283600239,8.847870364301519,11.688831896575582,33.936748971777675,16.785337839781665,37.181662095711914,53.19676231972897,79.53241393175732,93.35790516358767,81.15916028510567,-64.28360218541856,95.69675698246726,79.59771165825816,-94.12734738306379,-43.59580134101432,-62.41998112397049,21.75077029780228,-58.129191323841596,99.54618816433768,-96.64764663398725,-12.074522559802853,-70.3209353754385,24.289118530924355,50.87359415161892,-43.88058838362703,5.435674746839737,-37.51188446774121,-63.651238111447675,55.85004556560098,61.901345301189686,44.662644332603634,-90.93790279387656,22.65980473932985,-32.95701690093764,16.77293411966642,82.6352913917589,0.2550722558762635,-16.49783597142192,59.891609256049655,78.12163071738918,2.6708716931615597,-22.054640848386445,86.12686680849713,-43.45357766973409,53.98736943111468,45.51610530145915,82.92124303367387,-78.77601590907169,77.78820289131534,19.008108310554217,-97.584422406403,-52.337434777933986,-75.27530566484182,76.15680233928902,62.646354575186265,52.66757594549747,62.077225354374825,36.450977269186225,24.96055350035026,-26.384107440973402,-59.44420596691022,-44.98975005532466,-3.691179967232575,-19.9619000751531,40.459838891062944,-35.727694664857495,-90.30877174726383,55.49667229058397,10.680537228905848,-86.44996630100174,-0.7646974655509677,67.22126467444413,-7.813110369266842,56.00544290313263,-1.6513994835653263,39.142959564797465,97.01216824521933,-29.365490488685058,24.39907872831897,3.178423576636826,63.00638397936093,-2.1867833058894073,46.291615492692806,42.11493306176911,66.88240746122113,-97.81559618574481,-90.32429177677483,0.25293311095498744,-41.66183934940449,-97.24162321770685,58.83562008240494,-86.54350620787827,-37.96438402682363,-31.998826746529016,63.35738839934412,-99.12529757871738,-1.23587922886786,22.689472354121296,-25.184021225408024,-60.338419583467626,79.01344081570541,97.36973831082176,84.35616275166934,-21.11702849878146,32.45790347198527,8.022021274042963,-57.78427184168237,-38.93389266295393,-97.31948451741496,-99.08751482118332,97.55660716519998,62.35938859762789,54.081053377282224,80.65661524238195,-75.24528172417651,-80.78421388815701,10.2933941215086,-98.69634614186485,-74.86144390506375,-88.84403136163056,52.53438369103265,-85.71986593333781,43.646528290159075,-71.9179793225136,23.13922323822203,-5.698407276372538,2.0706503597414865,-30.991450267265037,-83.04843779479702,-48.83968318168562,5.114301128324637,-71.89274422290377,-75.9065438156511,0.5483929076285566,-42.817095828852565,-77.6065743454522,0.008922045134007527,-24.42026965420414,-45.88853689843028,91.33792169579432,-8.386365503607726,-50.99615624408503,66.09148912660235,-39.365441762970356,-93.35609488796172,97.51169507330347,-4.044616504580464,20.706873250227048,3.249789011292786,95.45221841346881,-50.5607375745824,33.63887009594727,-70.65370155640126,-18.974936010681308,-71.5891148884013,-31.150784013062836,9.986270192326407,-91.51355197626317,-53.60823058242492,-20.241920723673427,-75.86171411182336,-11.474061350397191,-89.70990103730315,99.32950502424775,38.875427454431765,23.00435283157729,23.43150435923794,65.94791390685603,95.85695966722261,-12.512993891213279,69.24259646802544,-20.582886641166052,-15.925725393200404,78.39590926831627,-30.867684592475378,61.682325670125906,98.8558300437515,56.21281805075566,70.36142057468031,32.122420248576326,-45.5773052639675,-51.83116730467735,-14.815292408741644,19.511803437007043,-15.99173828778171,53.50454305898161,-94.86136855289685,38.55829743497476,50.6874263721589,90.71148662359829,-22.53574139215897,-88.7687096867127,-24.93206686890886,31.50181235611488,40.35314561442109,-81.85286343322628,89.5974051998043,6.969708640577454,82.04821090162449,-38.13786100152277,44.97908345753428,-23.307796590497713,79.7746304287847,-86.31262001524591,-47.00002215494351,24.912172364920067,36.055764331435185,47.380434181436904,86.59634521141173,22.93381365984086,47.661360179515114,27.305073163924288,-65.97332583366334,-45.53354865267432,62.48953910532389,-19.34746697553323,32.01671175512367,-42.78825317337495,92.27642097018526,15.311007333182259,93.32638353980578,2.784053163246519,72.84442558375036,-54.93479419845269,-51.3089045246551,79.76528939198427,41.839521457536364,95.02905490856872,-8.086798827340205,48.35448610895369,33.7932730340377,-94.0775688041492,-29.928965287599684,-83.5867294988582,-87.83238709147533,52.01942370130479,25.56605922399057,6.093259295073254,97.85250141648307,-39.40772634988477,-63.85966781577002,13.850424457963685,-6.685330943920202,-21.55428906477582,-94.51868871288649,-31.704020860452136,95.27008487798999,15.38717996328307,54.12834227605144,25.282490689172906,46.61006919582283,-70.13157527487012,-17.071870554975437,-86.20316369425677,76.83953324743962,66.39866696739668,

F2 Schwefel's function:
 D = 50
    -26.887917171995706, -4.909059836993099, -56.826052513906816, -95.04365314964394, -4.339780441126343, -50.29704002979446, -2.7528534274532714, -84.85612847191808, -74.5336837795773, -60.38030805598331, -61.20633665683095, -53.79115721329329, -4.573047483791667, -28.68522300621316, -87.25381150187835, -56.4848594895912, -50.78742469491507, -42.89533065750167, -78.4957984443935, -76.62819640110725, -47.80620248417041, -78.9200075282253, -65.53257242790599, -55.28954910591264, -6.897855146814829, -31.464034588474544, -22.128020415686773, -71.8625030642443, -55.59745187450812, -47.013938719169175, -75.02725147178182, -72.12980901024254, -50.36871308931159, -62.9944628738047, -96.77175214210786, -81.60504663780581, -96.6276213905804, -53.336120098172145, -60.05551424658061, -63.20197400723275, -5.809134770534718, -72.12201415242102, -21.8690669900736, -48.631425042088, -2.3344807281176245, -82.18602801586927, -13.864130460006406, -68.07462334879156, -37.04968405051118, -83.46479514455596

 D = 500
    -29.20417380987376, -7.642425928572538, -58.99028011563562, -96.43151100661399, -7.4690581119031405, -54.915925061126856, -6.896791010087508, -89.65280199907367, -76.406472133009, -56.29460458433398, -62.75411162604371, -58.97894674491399, -3.47343420402105, -24.998939477026102, -92.67319058177017, -51.42769131030888, -52.950054075266415, -47.79450624472599, -74.42804750237931, -77.29345416572913, -46.766772211859944, -79.93578361509734, -67.0063314053858, -58.29684399401037, -2.645494531214064, -29.200938191944356, -18.982910610428068, -68.45057559540007, -60.54103087358915, -44.62911388008469, -78.88285452872942, -69.88343538389967, -52.71932571302865, -66.97228921075107, -97.7238972839574, -87.17037736981341, -98.3083913646827, -55.10691126721808, -61.91134499079601, -65.84922287899593, -7.063199703535786, -73.57035104649773, -19.95534664001266, -47.81321898198115, 0.43666310878159154, -84.64311634538478, -12.376752483503692, -70.79828457047631, -39.151496182836325, -88.09098329049708, -5.689828878000864, -48.02031912680904, -37.243913922834665, -31.10647212533486, -3.500364630854638, -44.799494070121476, -42.31809227757323, -98.60699017409921, -3.246259149846402, -43.97093346944867, -55.486778355066626, -94.46504270418117, -47.15316449262871, -15.538579582436771, -69.17605373982225, -78.38490824108719, -78.67223598111029, -2.0277774372879045, -36.20419396951909, -88.23662373427236, -35.73699895272502, -48.910854286988126, -88.22778738521954, -82.5276855603736, -54.29247514376407, -22.393935201489246, -87.38379647925288, -63.540520442384434, -48.16500751052127, -55.700017605708304, -22.39278191084682, -45.48823989290102, -73.83115411839566, -14.02907830235837, -77.34421816884654, -0.09878936091065574, -67.73884652951169, -47.39764568024405, -99.01437381142347, -61.79956228598939, -49.059515907307485, -45.199505911133734, -41.57962704766134, -22.654886850313993, -89.14119262184043, -99.99666665982146, -35.96017339211264, -29.357809721967676, -98.19197923633092, -89.55097924502738, -31.470953319333425, -95.3755252466518, -50.99295420045828, -24.3150146684058, -64.67333215074058, -77.1157396663366, -28.245984076193643, -87.9588416482054, -53.79500902157363, -8.22906668752452, -23.588829859577242, -11.249816412556244, -82.38075593416394, -32.80199741049884, -88.67417248035224, 2.7444245635302487, -2.214005385836955, -19.09686193199633, -18.095579038805283, -64.43214018612579, -16.391614489544033, -12.21887002507966, -69.59328075316574, -99.9328987396686, -68.56470354162722, -45.056062559881, -96.76913234887974, -99.03407675953473, -25.47503509271935, -31.91789906276112, -97.21787323975539, -94.66572968891744, -22.20411010052615, -15.743081784870625, -69.00560510045538, -32.32637727149739, -38.64583639644159, -99.43878315860535, -92.624973221856, -3.64378463820868, -88.50829933967461, -9.463097378075613, -88.31473662257682, -84.51205231859392, -12.228540888315107, -6.337224639297238, -42.837609468521464, -98.36081565339751, -44.626610793370325, -15.477664987544781, -98.45361448384604, -62.656330060831124, -30.507893571640317, -9.642230962085547, -74.95336953237985, -68.00730898650909, -22.40407374526395, -17.717571619219644, -31.96711507029351, -27.130539690277082, -91.49115550150948, -79.34306276001031, -66.01096290711946, -47.77708080939704, -38.162545418356686, -15.213715522436015, -51.80713814375425, -96.7445523694939, -86.87647940426469, -1.8056178277207249, -14.58652123711055, -50.34515554284964, -74.460445871696, -59.18388723953944, -64.7788314366231, -98.55092601220818, -98.3566466610987, -35.73446574265233, -46.45679086234821, -76.76707363538246, -37.48777195832583, -53.38995410558736, -60.01975180312025, -6.030782394619839, -2.1061807534758934, -33.11823373455695, -16.345548135016237, -16.905627437594987, -48.03015568353474, -57.4703226237461, -1.5046017361740762, -47.47083245745895, -27.74350468860551, -23.715722330825752, -81.89612179049095, -70.55467948700647, -3.739954521745229, -21.518405125107357, -96.15989793427275, -39.33104482188864, -37.1201647388785, -26.56068866921468, -48.193907657751495, -38.910299751663196, -64.53698778064346, -99.88431825519918, -49.477438620480136, -10.190624406826167, -24.686171007695293, -7.314583830926719, -72.66477995166356, -79.56425954309664, -26.07169245416829, -71.63161696693922, -8.911303201310556, -34.07184270951998, -79.61137884262443, -92.81952654364328, -11.463637003896768, -49.46554912926353, 2.6073738108118327, -54.92596372821786, -9.576545211354835, -79.84717436044352, -95.00270695907683, -78.9866080006537, -82.64152237289267, -58.30963586823536, -87.63387231688945, -52.73941833573485, -82.13079100277824, -7.741601336716971, -15.890355228514178, -30.443227133450698, -31.218570679107856, -51.03051018388259, -68.78947374365802, -40.198113037212806, -98.48523049149328, -47.732986683383004, -3.0041857458922205, -64.86600111827546, -88.62363209343762, -53.5076309136771, 1.1990952658357508, -10.234685475577843, -4.82524233166947, -39.31949005158546, -19.772154305565767, -7.362207881300434, -36.355708772193914, -58.85526929212752, -12.539376078912998, -73.67598360453518, -54.05600304364113, -76.15971525666379, -54.241322457265774, -16.217316724591, -61.65373213640343, -89.81316058407384, -70.74840577526716, -20.46787061981856, -53.84034792421265, -29.5273905688229, -6.909791096010744, -82.93641272884723, -58.807024289001184, -73.34334088247299, -43.95027148239975, -61.11128208783364, -94.51097730628787, -41.525391822967926, -43.30023484585056, -23.785787762487878, -29.094441394677837, -96.93619473359767, -99.39710779307788, -53.76277294597368, -21.697391519718405, -15.965092026864896, -32.1363128389201, -39.28506902633304, -44.132140261202196, -64.85039914444779, -28.535653565388813, -72.6027489883906, -57.500251913812754, -49.54926216696788, -83.12362981412608, -99.1539465817292, -12.950409583412176, -46.62420260568623, -71.00988230312741, -73.51462443853474, -40.40830689809676, -76.18454559648205, -12.692559673050875, -68.57428487054484, -37.21135536100362, -91.43333426934258, -80.1229106837815, -11.129488149604438, -30.710887390673413, -61.616515127722316, -97.66860891890387, -63.987112447955845, -94.4715437671234, -47.60921760214501, -21.33256386962272, -57.94050770915966, -41.280940904384785, -84.14085768428782, -21.83835277164102, -97.09660651582159, -63.717718199307875, -83.02131339131793, -95.47233134700217, -68.09401158955441, -0.8228729219180829, -65.89247854002734, -26.188377143518167, -43.53966583923481, -79.05314089347489, -7.220399090155382, -70.42745434560015, -84.1849357835096, -86.45761726959151, -16.662148343312673, -5.3325455568016356, -64.09909960926306, -83.05057715675403, -57.078035521802974, -52.84433585424821, -26.257008523432003, -27.852107413484507, -21.850052169641675, -5.196966444981873, -2.1336781829807525, -96.71434011079994, -90.61951867897824, -55.596683385880965, -84.80389849297957, -37.223637469977604, -54.265398231663696, -16.71380586364172, -87.87927569694536, -84.9375938047026, -7.439115635204292, -95.35489374541521, -52.686933326562006, -71.64590868045315, -1.4522462582302915, -72.30902129549393, -95.45520498968285, -43.21667187276047, -36.48534338253603, -35.563553792603585, -32.275036708418874, -18.889403892818898, -64.48840728012047, -76.771082146396, -50.85867190527074, -11.075369670703887, -26.454498693963654, -27.164600018811136, -99.53011568544474, -7.329559866568429, -74.69646778155925, -58.448026919596906, -99.98274333684728, -14.321538772835243, -66.80815030488154, -98.48918233513754, -14.375748402941138, -98.94182011289014, -44.54586814509519, -50.81389954505601, -13.016771749476987, -9.207812114292778, -99.48857874765635, -78.95486298263148, -99.72060426295354, -6.145759783431408, -17.95560508356855, -85.42701812698003, -51.80455915068588, -20.489773734288832, -4.5234033879546685, -17.566849452569343, -44.33249652929347, -28.048007573889926, -51.83947152927568, -89.81722958799305, -76.05291316700307, -26.738413195862698, -45.23724613474387, -77.97868229608336, -97.72442352334396, -93.04452951110551, -2.344136840656412, -95.49671959730843, -46.50928152753669, -97.93988385382885, -15.199269947307881, -2.509089903054311, -60.35793700247757, -21.09094892780036, -54.19765699424349, -90.0456076621039, -98.06154209338861, -90.67942862803412, -73.46337164899063, -59.20988336667022, -95.49561136991657, -54.245571579989274, -65.05644022436836, -11.764995074413795, -60.17498976220209, -89.88706689088305, -57.59027347356234, -7.315616739160057, -69.8350144995896, -60.64604367429723, -82.62561361927163, -54.65924582178286, -13.695275713852405, -1.6677628700566984, -68.2863291625603, -53.217095519209415, -61.12301792345103, -67.58043381025804, -18.208407959752527, -53.16831092757634, -37.53261997386021, -52.39369005613728, -86.25466595809912, -70.33556849025416, 2.239357729384094, -52.06286190039901, -4.818329063147303, -78.80039409672489, -14.301746924018522, -36.185855215008466, -24.571279137943993, -98.65245501901487, -13.413668539311093, -17.952438548045702, -46.93932918007744, -40.36310047898508, -69.66399663094947, -90.33210980439199, -38.82932988322882, -69.6341522622491, -99.86992203451787, -49.82441257216549, -52.16109353053132, -29.141041161105733, -24.34517786658881, -18.479434313092085, -14.357782311033777, -6.59308658316318, -48.1271545329168, -95.97262961046552, -62.58267264983839, -56.98300055814482, -24.01299810676032, -54.11800596883215, -73.57752025241639, -44.8975198003056, -16.737643658594134, -99.98009780226575, -15.752531280981156, -99.35017876436633, -3.8496404940971822, -7.708228186796656, -38.393325651752, -45.593420923632095, -55.54470868163411, -78.17894770714445, -91.22356083547594, -13.644334236031101, -43.96114175040237, -60.04863905588938, -17.52006825554499, -28.474610011960802, -94.06108855417234, -4.720471242621952, -53.24384577575903, -50.75176744366728, -82.96699225443425, -0.8023363079569932, -13.838114849215616, -63.75931666912547, -72.74720923202199, -95.99178110252588, -98.22701744756169, -98.31159555978563, -38.62518249146888, -92.94695453002521, -26.29712096985966, 

F3 Rosenbrock's function:
 D = 50
   -75.42729822687856, -35.73164930339624, -57.59558968742647, 38.91001707919429, 52.24743718889452, -30.36139095206854, 50.69076929906815, 49.798750774880574, -71.15512314034794, -30.78369111363206, -43.00116555596467, -20.088115131774085, 71.52716213296551, 48.0197973986728, -46.02803899325979, -8.163345309625784, -40.975498636694844, -13.826915578798753, 35.81692977203903, 57.13827204244284, 58.58559510075542, -17.412187035811645, 27.28838871285826, -62.56232214167271, -28.816985831109164, -86.52855746810687, 48.29287412243725, -7.581649314712189, -82.15930030927083, -72.07879878344282, 82.24650910791148, 19.58468343230295, -45.58603310037302, 77.31345826672886, -12.61285702634974, -81.18440562071491, 72.87751665342485, 86.08139150194012, 28.399603754689302, 40.851463608109576, -2.0491673476714314, 33.436162101861996, -24.680025491397444, -17.83880833650163, 2.5483908874390395, -81.87587899153634, 88.31374350463533, -34.51518464072909, -44.265057893404304, 19.141636499322473, 

 D = 500


F4 Rastrigin function:
  D=50
    3.846662385048823 4.323572542636814 -2.8217093345554867 0.6465621203739974 4.338207405505405 2.4409174073712867 -3.4594770517012408 2.3371197735701257 3.979992294593584 4.289982365976414 2.3739945320925187 3.2248586369074403 -0.023518245126400293 4.627330404583433 4.6133906434737755 0.9946773368367577 1.6100859569993748 -4.7254008661249784 -2.697484544918112 1.035558240676585 -3.2047416185446953 3.8056244171192457 -2.678278329221718 -3.2289389563725743 4.411567831773628 0.7158526504984778 -4.422061537844067 1.4915555966239757 0.7389001377154044 2.1794559169983114 -3.2777563404944208 2.7836087063150967 3.596178844408642 -4.719144814318797 0.5173292890176182 -3.6043042383309523 -3.2038919676596227 0.46824246591600377 -2.0302109485568165 -0.39859184243052836 -3.7711632077344435 4.9681713831373555 4.32146409805933 3.3546842219883763 -4.865745118040377 4.832170191211297 0.21249551759933602 -4.275038478118824 3.684110033517444 4.787301965934857 
       
  D=500
    3.8463620103592358, 4.323521025655607, -2.8216248798128127, 0.6464554810683912, 4.338281612037678, 2.4407790961886633, -3.4591411461721973, 2.3370402782435726, 3.9798422814394616, 4.2901263416015185, 2.373573914561987, 3.2249762863492735, -0.02332450843335174, 4.6275866186377606, 4.6130692385326135, 0.9944919963772872, 1.6101236158286116, -4.7255556057631285, -2.6968476393127774, 1.0355490909887366, -3.2047726242909484, 3.806094634707604, -2.6783829106738235, -3.2290014701994734, 4.411744106520877, 0.7158038622142234, -4.421744821753223, 1.4918524805547129, 0.7395399551842785, 2.179485258506242, -3.277838502799505, 2.7836574883777305, 3.5960736064890315, -4.719283259191191, 0.5173808432737163, -3.6045902593556693, -3.203729110399582, 0.4681809475993825, -2.0303809167329163, -0.39843562181191705, -3.7712165585373643, 4.967676284869763, 4.321615751030355, 3.354874748954723, -4.8653372089800895, 4.831789944038908, 0.2127360374554949, -4.275007132792973, 3.683973333032304, 4.787397072560052, -4.084074198901898, 3.420162484844877, -2.354701646398017, 1.2421129071373447, 0.48665548464837594, -2.254203747140191, -3.348987469367254, 2.677005344425351, -0.5298906637446227, -3.8310462211873495, 3.0219034639967015, -3.0914110202445357, 4.194806383355323, -1.3487359646659027, 3.4688534733165612, 3.0655341136585266, 0.26912067021184405, -1.1233178745289278, 2.341392250444032, 0.2864066005437874, 2.4200408170297667, 3.499081768040496, 1.3901644982128152, 0.11698812125021343, -4.678073299793446, -2.1707219076545927, 4.158999697497245, 3.485442907970971, 3.245622959399218, -4.371725113504935, 4.699898460476204, 3.868476511640206, 2.640955468384165, 1.858364835517449, 4.709345596934903, -0.13316654532058003, -4.248624000774241, -0.4557091201778043, 1.147846727649569, 1.1404791098415075, 4.219247861463937, 0.7517908862368963, -0.37597748860415586, -1.2743515283358196, -0.45901086312547945, -2.2382153420812103, -4.853733130484372, 4.58172949618183, 1.1803015355111914, 2.257301849112923, -0.7470099130906462, -4.330453094776448, -2.969013166865134, -0.9380407249681784, -3.7651637132958298, -1.7130686518281362, -1.517346195632211, -4.938728123962787, 0.3283800460394063, 0.35376737456821916, 1.5353060860807874, 2.6038881387009374, 3.4276464621874037, 2.228974440984166, -3.719191351473337, -0.2213438226359285, 4.3809513302980365, -0.5629242776468637, -2.5585069450950133, -3.8257037551853825, -1.9488676857440066, -0.7487098373875236, -2.8478789084104803, 0.38534039259210007, -3.7865903535138634, -0.9039965864099727, 1.2874837897122329, 3.7143279027517813, 0.4728290067247188, -4.5623537462810395, -4.210905415120052, -1.1724576551313337, 3.70722415608539, -1.7755991653925394, 2.720230875710852, 1.3104228864833911, 2.940030532661173, 4.607381190384398, -4.780686775995068, -3.8799752910395453, -3.163802258524947, 4.255921399330064, 1.6821598966061306, -0.137974663520486, 3.367852809130229, -0.5511390689442913, -0.022059238164422703, -0.02647692576527054, -1.6948730026616123, 3.7218831911775094, 2.2232193341183732, 3.905679239649423, -2.055266409302346, -0.4840550213061035, 0.8766666156319245, -3.5140678137154877, 2.8998389678809366, 3.9575459344523662, -4.892109012296936, -1.0787565975297737, 0.48445666963015227, -1.6724576442891321, -3.1757271522868535, -2.309555668111535, 1.186386675662851, -3.6439446788830665, 0.06047091090474624, -4.56836387437879, 2.3437723872774163, -1.828495886396197, -1.0075643850716183, -1.6005374124670302, 2.1657998310663307, 0.919983202970675, 3.48632535899902, -4.785919302415428, 1.2763423575202673, 3.516032913353243, 1.620539832849913, 4.6974095504375, 4.258573186528765, 1.9520185190840726, -2.4215544955063057, -0.007627365669958662, -3.9053981295026525, -0.33180915675581546, 3.8721576535578213, 1.6604302086229268, 3.8130992693480503, 4.894411659029059, 3.521497730872483, -0.4572021445804156, -3.1626507152021075, -0.4230727254082823, -1.5882224742620406, 3.5978647923914973, 1.6439844029767259, 4.518335002406105, 4.614763488990331, 2.2101221958871777, -2.5712556196590435, 2.314324248115572, -2.492392180825009, 2.1763797382730212, -1.6446698164303624, -4.677246350575058, -3.2997716945846594, -2.2284590591434976, -4.088919791897194, 2.542956841468282, 2.5889913910458473, 3.826300823421897, 1.7120852099873682, 0.047419355739797046, -1.6374245468566062, -4.281383966586896, 0.9622738193912679, 3.21823879717754, 4.636194045455717, -3.396502861862922, 1.8959090891726174, 0.3935532087005657, -3.5796203297564717, 2.4965877429250916, -2.9517472796267668, -2.0432633867747754, 1.1463765279673284, -0.8240443758801778, -1.441322178245541, 3.193973565269445, 3.6652084864020966, 0.43565321526459666, 2.7665096351936005, 0.7989374576253837, -3.2300840743439365, -2.8097313334862344, -0.5620808048814657, 4.031414089971422, 1.941416860930602, -1.7304657845496965, 3.844407993080141, 0.02575493302188681, 3.6229780129453837, -1.6344460282688715, 2.5446954769904933, -2.0188051689178823, -3.9757218720769836, 2.9370482946532652, -0.10264837338986761, -3.222172814243167, 0.558623787550821, -3.3314758943725526, 2.801366839585208, 1.053040799561158, -2.2756098279278674, -3.973652964036718, 0.5113259466218686, 4.993068906439892, 1.3638504113344974, 0.9136793407785134, 4.8613142341099165, 1.6385395477320548, -3.0101899815258606, -4.272439421873268, -4.275020559540048, -2.9262252254465224, -0.8080092078145359, 0.2389613648418659, 2.1775859793361656, 3.4244837858306942, 1.7284835297349037, -4.495514073257689, -2.1102185947854344, -4.030149613639701, -1.9978329636750545, 1.5483838780830363, -1.2762287652640094, 1.254657718345973, 3.5853592679798876, 4.456407294352223, 1.127401321024, 1.4130407357469845, 0.5416318049601974, -2.772894580300292, -1.0295867397230603, 1.5856410225489512, 2.109271550154131, 2.980302349498728, -4.671843267553122, 0.13625288459624696, -1.2382090441202938, 3.187206218711418, -0.8467187069170895, -3.626186450677993, 1.332046221556192, 3.171254254583932, -0.3804401624827749, 0.04777502814633852, -4.217466088964009, 1.5838891557615251, 4.807403516130289, 4.058827657976464, -3.2514807891670845, -3.2444763672866306, -0.8498544628367712, -1.802057760855505, 4.343874382413761, 1.0504823837892474, -1.055325993021857, 2.5087331970444198, 3.9040532336114393, -4.741730938314111, -3.010481046640578, 4.7411953135318665, -4.713932877506327, -1.4526810656351468, -1.075439930495391, 3.9876479911740277, 0.582730706857785, 2.9253376193250453, 3.8116954023012903, -0.9558965278482441, 0.2745203183235845, -2.612981118865587, 0.2131929540471003, 2.4501367831542398, -3.0444535521182634, -1.7704708048150475, -2.55595159668963, 0.324937239681685, -1.852599489021062, 4.661586640738544, 2.645935267900551, -1.8352002205740154, -4.6498749612252235, 1.5308743123752975, -1.1616194206748829, -0.8059738214996699, -2.034354800806642, 2.2899629148620817, -2.2024570228253486, -0.6874056737510786, -4.516718138329784, -1.3086919843611569, 2.702297741593411, -4.457119185651559, -1.1124961040627128, -4.249962083217757, -3.857133814483347, 2.9091063929848113, 4.343607521065919, 2.752931895649781, -0.3143972534179378, -2.754891463639129, 2.055850823028128, -0.4511413210239412, -4.659315088680964, -1.793827951442522, -0.14768330049011194, 3.394736569684329, -2.060568258634505, 1.4098874668656531, -0.8342385709063909, -1.5638704302931252, 4.558583972534596, -2.446082411045615, -4.615613052140044, 3.849071818857271, 0.2122605256379092, -0.55014365354764, -0.7303237971042464, -0.0226908369139478, 3.339482265890536, 2.7468694127364492, -1.5855521888817696, -2.806295419112472, 4.7650240934932775, -1.9654102278037997, -0.4547582843779384, -4.119339178267429, 1.080206055735512, 4.2699798503518975, -2.153051449626549, 3.207891234336896, 0.8260933852376007, 3.3358669807506356, -0.5248376455560605, -3.978748543697924, 0.7459585960861188, -1.3658826765097976, -0.03256498177118932, -4.513844832507059, 1.7543512783245525, 4.793408631800148, 2.5880687879734774, -0.8934739212724311, -2.6881773043635615, 1.7070088993593318, -2.8394971863698184, -1.1879548131976825, -1.7696411159216374, -0.7661930226865367, 3.953258506873312, 1.3921022690088174, 3.7659003622076823, 1.815382007554799, -0.8519220179246031, 1.0517779951178625, -2.444893259317863, -4.307776925276126, 0.39212875430909766, 2.1251649557100594, -1.4907160229242786, -4.633452698501191, 2.1292754083077154, -4.058243589240447, -4.6266223349507865, 3.2871665393978837, -1.9546285058554353, 3.6786725396653592, 2.9084335693246564, -2.8993188235097835, -4.598605437195996, 4.876268625341212, -2.1401484146525904, 4.49084489636685, -4.778501254227386, -4.799027207835475, -1.6228486866005283, 4.742117650192171, 3.6574694674811417, 3.3564173597614566, 4.9927693857935695, 2.317989601725762, -3.798950927222059, 3.784870802216921, -4.731241667080057, 0.692342281256344, -2.0722774382935323, 0.9195394077023744, 3.99214057794891, 4.688965961022315, -3.339555150911054, 0.2777260834938784, -1.548604510204807, -0.5015164763103778, -0.2933765966311172, -0.9624676445221341, 4.7112832372141416, -3.631453299477576, -0.12047541800537323, -3.1007324213842304, 3.4640269515991706, 1.2570913578010396, 3.001400786670696, 3.904361402157296, -0.024664813579331944, -4.560753648977657, 2.824655024042885, -2.63301876190851, -0.8497975344750663, -1.5586890008019465, -2.40629322240311, -4.456179619531515, 1.244161757955447, -2.1667282069943896, 4.974981436444722, 3.965343006003475, -1.5856154271919272, 0.781415228954109, 2.643556055168427, -2.5333075502159934, 1.2594929241813932, -2.0592193084362784, 3.1024891558425076, 4.472590890042947, -0.4658783877751379, -4.951983417050573, -3.884293073449979, 0.27071539736153855, -3.2829316024042656, -0.6697014236803644, 0.6978004564453565, -2.9725371616114447, -4.008195780782115, 0.572783323584989, 1.1057936117077023, -3.9788906534132225, 0.9562096522288767, 1.6459408211555613, -2.3321334685420663, 0.6579466575974942, 4.148661824319445, 1.98322713209283, -3.3966588979245214, -4.065146460606646, 3.6402807393186176, 4.166664093983965, 0.6224541865951578, 0.7967063470013976, 

F5 Griewank's function:
  D=50
    540.1544919009326, -322.6335818686257, 128.21074664709477, -16.820665232790553, 469.5592730310424, 314.5162101288678, -52.239043147870014, -577.7959825478351, 385.68811274899144, -66.35541744420769, 138.51953222800606, 350.3249274672243, 506.17446296693964, 285.8480005772314, -388.4800954409618, -113.1523187412742, 522.5635878542748, 500.2853858540617, -107.6763423746817, 472.3801389912014, -530.5306327322006, -176.5572519396899, 375.7997125628596, -588.1665517886493, -433.33087474801243, -356.6797084296276, -361.53259614329056, 124.55230996521135, -273.3762038414688, -361.42252264555844, -581.6702253025794, 296.14211320025953, -65.88371788806545, 518.1772522673826, -40.80788043329252, -97.62123397788518, 415.4648925571947, 30.181748794417786, -356.824688371232, 206.5632081778518, 405.74046835251573, -576.4317767156658, 217.53411805425907, -144.62221033550077, 398.1541735156077, 3.3747990155412015, 251.36585499433988, -85.32546035102384, -234.45852974404704, -372.4150057962275, 

  D=500
    540.1551718580847,-322.6336442121089,128.21108350417356,-16.821066029197482,469.55872447027673,314.51605853624585,-52.23881040116082,-577.7957155568935,385.68875425183245,-66.35588959477454,138.51889089339193,350.32467491122844,506.17565123339745,285.8485440156551,-388.4808170840373,-113.15239632199635,522.5635182068751,500.2854217326987,-107.6756812333349,472.3792237243687,-530.5303846785836,-176.55821701883045,375.79973313982373,-588.166430723638,-433.330819944835,-356.6817468807372,-361.533915643194,124.55092961525202,-273.3745277306778,-361.4230286154238,-581.6710300012782,296.1428912804707,-65.88398517417438,518.1772746149798,-40.80696825218359,-97.62052428300474,415.4653343017545,30.18281162624408,-356.8230701401753,206.56547142803097,405.74210218755485,-576.4321445423091,217.5323754769568,-144.6230395848855,398.15532937915776,3.3762714478623073,251.36454584739968,-85.32886255685021,-234.45904686991588,-372.4153040617388,-367.8825306875203,218.66774128168097,-236.68310179211704,50.00866462796869,-418.95195104209773,237.47798102647215,-145.95246925241827,432.01359073706925,424.38615460334915,112.27508123191569,-4.136978777105375,479.7229024384775,385.9550323435816,173.89216930103356,381.5696190006671,192.27288902728642,-189.6354105158901,-252.32881723788367,-190.56773928015147,40.894679792574195,272.5352241764728,-228.8506951325647,406.1965627094412,81.68723594566316,-155.5035127320515,243.2874520359093,55.88500863368783,-66.14409925076097,233.48023236735008,145.5721486002122,353.7855187722873,548.2118519533517,27.109280267335336,456.1699184449663,-392.45226310255,575.6966359204139,-274.26348084314606,-297.205637512192,450.890757604113,284.76797818942345,-436.1779095035305,-585.8924735282941,472.6778805328117,-361.03387343663707,-241.5324292260877,193.7313661846654,-258.709176688984,-36.93128821604018,-522.2625936424711,586.0012718600539,99.35018926393313,-91.80381958381273,18.61439425700106,-199.2573064917738,-80.51186178155282,-328.8607515223751,95.76831670360514,312.4373394751871,35.78768511884461,168.63162164580822,-349.1173232622629,-144.21742236406837,339.99399527503886,217.014542244089,-46.68529319631641,81.39358234769793,353.0510625781195,-528.980860369033,123.44279587481418,-539.6768369020714,-101.55010900444233,-234.00137481861933,449.2413875621833,-581.9886050550883,321.5404633310888,565.0126429113901,588.098112641042,346.63437993284725,-73.60924120876844,-2.0271506442911575,-343.24381522313615,172.19026655987088,-215.9574628947668,552.1185264104965,271.95822200912477,-105.65630885022671,293.4792179749906,-278.46264265646903,-72.09089081511881,520.056846708722,219.99818749213603,-344.9281774754926,407.08559841306203,154.54197835948133,-439.47343794082303,-351.4409679207981,128.63872727101906,155.86539127355204,-155.42831009094078,90.17810982147418,-58.288921038105045,-547.326434928173,-567.3775187501263,-224.7785386662377,-584.5655617426809,-139.23834855208264,219.73893739018922,-488.58964191947257,-557.5937919817055,134.87485173229808,130.24756740532473,-581.0887438637047,-580.3744025621919,-371.91073219732175,104.30194507298866,-530.9013260526996,-158.91879098484264,157.74130343364376,261.16108300526986,231.20316462550613,-499.10498691930434,-54.77233219004987,-69.80627681274892,-176.09854436940665,-415.67371143071614,210.77423080569176,239.05600107394773,273.01011554766296,-25.93870841580729,65.81014420668329,-454.74404542839073,-59.096498466772545,259.05994170459184,471.4092669228415,-272.27749457912495,-294.27774636565607,438.72541707442866,-321.17808727688816,365.8459696228699,490.0778758186445,-321.72652327694607,-312.82504896632065,-540.2945357367179,-505.9391694264911,168.9770515330755,-370.9361238312413,412.644131682416,-391.3196636149307,-395.0479012897507,593.1548623157449,-72.250694442275,-191.94358778832964,-222.93931108923658,-161.9058099827498,-128.1127025457458,109.83023402900066,-456.30381205477437,-554.2462053510523,-49.68294684460128,443.8416571018385,521.0832618682995,-282.6621499212277,-407.63974215687125,447.426435439248,-314.543486770837,174.99791823148158,560.2650128089524,197.91970610027957,444.45800619280095,-588.0864645009134,-435.58737111652135,382.50729930708013,-83.80063765715512,468.3869464712155,281.8897791661943,224.787944217636,-184.66584023855268,-400.7581165550834,-413.26606615916336,-370.6610020777162,-93.05846699050247,427.170248752975,-11.700719256106245,379.1211273203853,-47.07811122545351,-51.17526987873714,-59.173081972114,-105.33682794620672,481.9322065009761,-593.299639021942,-243.11417041567614,-541.0046580019796,231.81606641894382,180.12720414991378,579.5849811453298,63.208458542045484,-119.9133568818828,-361.4545298771502,150.2394906022304,280.0345184244096,-148.93625385930434,-588.1479176270155,-96.16993633041787,304.4050306582705,352.64637990627796,503.9492852877916,413.6659058687107,-158.69589856459882,144.96182090544337,277.5343432129028,-367.32745296550775,485.7731806860754,83.04660254247767,158.14896017178808,-318.70708049312464,58.537596201944545,517.8999107999921,-197.76172625142974,186.63699596129595,-129.71495492117847,152.77713376905788,238.89613873004143,-123.38025966059217,-103.64584942646022,186.2553482160302,405.10256990113277,-154.07102511808654,-89.69578124713276,113.59623562154718,78.88655234994282,259.8508439646858,13.573935283065035,331.6814825977532,-12.78598259141543,-376.9173919050154,240.7623122900586,579.2504351143275,367.964615566036,244.28272785423576,-18.043249394481823,-462.4641386914713,197.82723223899436,-161.54949495003433,-431.94725985204286,80.12683431195683,387.6103704074575,208.7388123932119,599.3365391914143,553.9637949959134,-529.3648816073196,-167.62638642700122,58.21364376465518,-285.87594920721415,116.81267243817875,-540.8665338247799,85.26944892490933,241.0285229929762,554.7472861833478,300.623035685507,287.99136398652433,-81.75204960443833,161.11976388178678,363.6315657206844,-499.3425069936492,534.5557604993509,499.13266809497276,122.38430521077441,-295.72741751259144,448.1404458658858,16.080230380671956,279.1804481458932,-93.3292151225014,553.6442062869957,-513.52849716445,64.08926171681671,-249.6192229517441,429.5544492186555,-197.09372197120769,216.24475892593162,-535.8671179644938,-172.01339094542655,-2.0337452809774486,-78.67212691084178,74.948638193838,139.94559276312413,-463.9928021876193,477.90109911327914,305.4628291007543,349.3479770174661,377.9400103366254,204.00487433156613,-358.94874108973397,-272.2948645119918,151.48189091173694,44.222625390021214,-528.5950334746221,-493.2462994001021,-274.43030489327487,-109.11255194454647,-31.14998599164916,490.7867281378398,115.49677339658834,-205.25545708553713,-26.166794991792166,116.60353287335877,-406.26065952449613,395.3685939709427,547.3460521063411,114.6575582000899,-565.5017588358488,374.5398536843544,132.13504258011636,241.79239192230048,-489.3642137054634,-90.13284263533944,-149.30791017705937,-400.6160641035686,399.78127691251285,406.36627461202966,-58.06484404949054,547.9214258609454,-423.418158291151,443.9220506914727,323.3219289782407,-67.00551462107721,144.74562712221083,542.0265559442023,168.01187441699204,-303.20665729789306,-176.75800670308868,-374.56854427946377,-11.226115099578333,-108.87107373923715,-43.76774932433359,133.13157670888387,-514.5990930961123,-222.86359648577084,130.0589182335078,-389.97442902982766,145.23464394212277,-304.84799599610733,104.83116951002698,7.263637023412736,-42.2642606708137,49.702874048850305,530.7911467109203,-189.88837870999166,-117.83395961624153,-230.77397902329358,-106.11854416851946,-256.87267506561426,-127.04784416614652,3.6177235069751204,266.3760508773536,-232.54893819683,-465.40320333075636,-68.05201802465201,-39.88580203190724,-582.3969503916288,196.861914043623,268.8741610838762,-262.040545559043,-285.81803199790164,250.16652326233682,340.6311704971179,583.3895593281175,-31.989932652861846,483.3833343522565,-58.72967520341072,365.4209598001325,394.6370456443271,-400.47576003764726,-127.31224220384648,24.909266856803544,261.7462853816068,83.02629330914623,-47.03267874385818,-65.6326047804368,-494.7066526429077,-67.82043610503206,-160.4385187406196,-236.95963980535288,422.21309876544143,311.3738871736785,539.7114454484448,69.52584439851455,-582.9211061825639,115.4131573551538,379.44661286484916,572.5121792266938,-333.70897213047624,244.42009857022947,26.47223547948217,519.4761721842323,256.02511182881057,-326.3542087056552,-60.42881179946076,-393.3609895381174,562.5843770596352,-173.14060040166018,-541.1446501927754,306.40675618380055,473.7763982670863,-256.62183478265587,-298.55823113044073,519.2826192343192,-442.819225594409,528.9842654305844,242.22312332265798,417.21149249230115,-348.87259200034117,-53.89092861680697,-502.7117345678912,421.34589079486295,74.45721453087387,-216.84387607259612,-150.12169691253942,441.35440313627487,-153.3899581258591,-511.57286427890034,-360.1939870554103,-540.6070389195503,80.05139574601404,-453.6907725943809,26.534411728037913,-459.526265049762,323.9020241347917,-149.93287346244466,388.0640525302706,-544.0365478782111,117.49585127838543,538.9799404758393,-253.44052642655558,466.5986651055563,-478.0969569547434,-521.622567218524,-318.83963232653315,519.7180012454357,-524.2479758223942,-282.93922568796586,599.4382748531241,-345.6156177503875,-1.908246806132775,-251.41317342101758,207.30423664385506,549.590756835315,319.86042447087635,199.3473221298663,-442.867459223897,-485.505588339681,

F6 Ackley's function:
  D=50
    27.00775967136298, -16.13167572589709, 6.410578141971946, -0.8410558493140204, 23.477935890942174, 15.725812340267014, -2.611931999176367, -28.889790399126703, 19.284425879715368, -3.3177902520297584, 6.925940708691227, 17.516215342068573, 25.3087785624976, 14.292431514950586, -19.424028852248064, -5.657597077178975, 26.128185977991052, 25.014269279444807, -5.383792224890712, 23.618972329549965, -26.526512534140274, -8.827903251429149, 18.789982731282805, -29.40832054510538, -21.66654951818266, -17.834085509516218, -18.076690976831266, 6.227548800448131, -13.668723256535054, -18.07112952544258, -29.083565637599538, 14.807103327239085, -3.294208121657621, 25.908876879167195, -2.0403378726859045, -4.88102927698919, 20.77327977867522, 1.509146448955923, -17.84115479356896, 10.328243650658479, 20.287109194832727, -28.821624256285734, 10.876626221228818, -7.231134343592539, 19.907762834111253, 0.168777041232053, 12.56828983939784, -4.266448281982852, -11.722961156769511, -18.62077477458003, 

  D=500
    27.007801123910873,-16.13167970839078,6.410538525168964,-0.8410472562102156,23.47793182134548,15.725817648585288,-2.6119420353271763,-28.889789146022277,19.284427178481064,-3.3178334831120755,6.925926447927392,17.516231073143004,25.30878183643412,14.292435820450832,-19.424023632352437,-5.6576207401863225,26.128184900652027,25.014266161692607,-5.38378994040136,23.618973542333663,-26.526538139213454,-8.827905323956994,18.789967262486638,-29.40832420953165,-21.666541986939546,-17.8340994148445,-18.076692003491598,6.227537465804221,-13.66873344502042,-18.071151773659548,-29.08358101903489,14.807147835715789,-3.2941826752748646,25.90887581339858,-2.040338940085219,-4.881020760996035,20.77329227278799,1.5091589726553194,-17.841153034502614,10.328242997938899,20.28710975521871,-28.821632641116622,10.876631093811591,-7.231136174971784,19.907769777583184,0.16878231183212794,12.568284326387644,-4.266483919585536,-11.722956934810062,-18.62078044056429,-18.394121453662784,10.9333925121138,-11.834113968360679,2.500433701057261,-20.94761300727021,11.873907222218463,-7.29760740755309,21.60070330119438,21.21932211354495,5.613775333918757,-0.20685552065245008,23.986155716598205,19.297752410631393,8.694619311993705,19.07845654396465,9.613649102546393,-9.481754638206933,-12.616433482942842,-9.528358120700974,2.0447182827058,13.626802183990709,-11.442588806104052,20.309766761858224,4.084345445107088,-7.775182216301664,12.164388119979249,2.7942685998441337,-3.307182306915284,11.674020666821717,7.278587164293561,17.68926883151155,27.41062077814284,1.3554084957895052,22.80853759862231,-19.622632997828315,28.784814570319035,-13.713167061638556,-14.860247478398025,22.544491404340153,14.238361189560246,-21.808876232565297,-29.294624405099203,23.6339035218873,-18.051707762437175,-12.076612964808879,9.686541990034204,-12.935494222401605,-1.846549158215518,-26.11313940608389,29.300093056881888,4.967513162473273,-4.590208285293468,0.9307049454235309,-9.962872511643901,-4.025599309977419,-16.44302276526549,4.788419403158066,15.621879034253682,1.7893906445881285,8.4315911251169,-17.455830133716404,-7.21089544274646,16.999727835638744,10.850723188289479,-2.3342721060750917,4.069698626042707,17.652648152518868,-26.44905745504967,6.172147066692582,-26.983860721991203,-5.077499960415584,-11.700087995326339,22.46204642732484,-29.099431984663237,16.07703341642446,28.250692456728498,29.404957878032146,17.331699393900784,-3.680486106927521,-0.10132332964340779,-17.162179140673548,8.609546760150959,-10.79787910180329,27.605937361754087,13.597903183197717,-5.282811293997148,14.673935832366311,-13.92314084049549,-3.60453790322916,26.0028099382854,10.999965653769873,-17.24641076724524,20.354298550332096,7.727072066847898,-21.973641296060944,-17.572037022269065,6.431930794989391,7.793261104942175,-7.771389214508664,4.508862503785761,-2.914502497461789,-27.366271643487416,-28.368886119295908,-11.238889440277893,-29.228255469988913,-6.9619831937296945,10.986977124960775,-24.429433729165016,-27.879698369189263,6.7437314918977265,6.51243226933702,-29.054405591262924,-29.018738303181074,-18.595506016696728,5.215126953159371,-26.54515011499343,-7.945916861939553,7.887079575293568,13.058069347824118,11.560166785427116,-24.955208038408305,-2.738674656682253,-3.490277311621563,-8.804980389610897,-20.78361814040845,10.538680255280399,11.95280424160254,13.650547614024624,-1.2969312066772298,3.290517901332042,-22.73716197332352,-2.9547581640982346,12.95297490521592,23.570463313592715,-13.61384813153783,-14.713838100358883,21.93621062438296,-16.058955129113524,18.29231348991306,24.50385999151235,-16.086353732742385,-15.641246039214023,-27.014720865783378,-25.29696335905992,8.448934240802508,-18.546837615063577,20.63217869486795,-19.56596610023426,-19.75244668171621,29.657739703125312,-3.6125469082096098,-9.597174915348809,-11.146965011445772,-8.095292886113034,-6.405618369756613,5.491501416797486,-22.8152194244194,-27.712260567655832,-2.4841392174304198,22.192035410552723,26.05420383452404,-14.133039215459467,-20.38196488362931,22.371336745207092,-15.727197017575971,8.749865834010196,28.013223688962782,9.895859060401392,22.22284220663531,-29.40436920770779,-21.7794073431692,19.1253790908879,-4.190042064991381,23.41932146977533,14.094485328079047,11.239405561781856,-9.233298328182684,-20.037918328377412,-20.66323993258176,-18.53302247581336,-4.652917025222919,21.35854691989239,-0.5849933889798394,18.95609591886971,-2.3538070047090556,-2.5587384870596046,-2.958692260544235,-5.266850921835289,24.096596647665624,-29.66493969143519,-12.155664371638814,-27.050271145070255,11.590834335689987,9.006390803143411,28.97925344046534,3.160429634304319,-5.995592953509282,-18.072682012949983,7.512065110294431,14.001770100344537,-7.446879450854046,-29.407446081897742,-4.808534406614947,15.220153314762333,17.632306797804404,25.197411187613355,20.6832845318191,-7.9348310761651515,7.248059589150271,13.8766361860821,-18.366422512181575,24.288740916872626,4.152342028164878,7.90739825607607,-15.935222043084071,2.9269340897452047,25.8949995918647,-9.888155744036293,9.331862640523306,-6.4857407326654295,7.63889378678719,11.94478995079983,-6.168964912700449,-5.182251010009088,9.312799038449594,20.25509470185401,-7.703516750902871,-4.484807623868296,5.679807652779522,3.944313483939032,12.992550549274245,0.6786849286124602,16.584077167195613,-0.63927381895658,-18.845737810194393,12.038137773750927,28.962539241103293,18.39825642415439,12.21406760305054,-0.9021931363078179,-23.123214690023698,9.891331818337862,-8.077570514697147,-21.59733327220144,4.00638093742051,19.380493794293017,10.436919426084268,29.96685520657061,27.69820136969413,-26.468263579207214,-8.381328257759684,2.9107811722586323,-14.29382512858571,5.840684371024297,-27.043328991757075,4.263450291762185,12.05142318305602,27.73729375510122,15.031072299102268,14.399585878504121,-4.087610503211635,8.055984463157102,18.181581348938856,-24.967123098936764,26.7277644285759,24.956555498209465,6.119246432445994,-14.786378997273165,22.407051008536516,0.8040496892231511,13.959067847519384,-4.666404746492976,27.682204047126564,-25.676450375366244,3.2045026393319724,-12.480925938029271,21.47782510906712,-9.854706073684616,10.812232821009697,-26.793323853970865,-8.600697481196908,-0.10172667506793918,-3.9335580320171584,3.7475120235780075,6.997267656938465,-23.199588871566256,23.89510930789331,15.273073111727365,17.467403752494228,18.897123779013256,10.200221726417128,-17.947413523116037,-13.614710164907235,7.574083464969834,2.2111062139497317,-26.429763527373296,-24.662300789304965,-13.721502362230272,-5.4556617614484475,-1.5575177289611342,24.539365127704784,5.7748373240454045,-10.262677847953853,-1.3083516616764999,5.83023744564449,-20.313092959443576,19.76844712477497,27.367327952818826,5.732882501878876,-28.275109597300105,18.727081689765082,6.60681779597405,12.089617075450182,-24.468232743805256,-4.506650970614496,-7.4653952803651835,-20.030754247430504,19.989096104365,20.318386006722342,-2.9031209652221075,27.39608271293564,-21.170808285394518,22.195975162437446,16.166185928758278,-3.3503021029387066,7.23718222363803,27.10136154087799,8.400578971495845,-15.160341444428326,-8.837931160509923,-18.728387851198484,-0.561340084528846,-5.443537224810416,-2.18845390793227,6.656603284040703,-25.72990377297748,-11.143173884439742,6.503020530532293,-19.498789775054565,7.261653620603827,-15.242406360877203,5.2414864130593655,0.3632098102685704,-2.113259015005525,2.485131029774235,26.539585025343886,-9.494461628312298,-5.891733087988595,-11.538712879016607,-5.305918502081251,-12.84365276898339,-6.3523525137872765,0.18088222852633126,13.318804963976921,-11.62749308024934,-23.27018922646145,-3.4026090387417423,-1.9942535515878772,-29.119879980068085,9.843121578499819,13.443716482966506,-13.101976977179163,-14.290876231690964,12.508280883049897,17.03158162817732,29.169480862465946,-1.5994246783686474,24.16914050361439,-2.936459339473172,18.2709956631146,19.731869118082397,-20.023794392579454,-6.365619740215979,1.2454454885963342,13.087455822218866,4.151372736351485,-2.3516148894437308,-3.281571600286606,-24.735325151531573,-3.3910198529547357,-8.022010873997985,-11.8479545529371,21.11068131549304,15.568761487809423,26.98557052942788,3.476324616751187,-29.146024087289216,5.7706226424637865,18.97233496649137,28.62554745981771,-16.68550662181322,12.221024319896259,1.3236577607714224,25.97382592068133,12.801282236416677,-16.31765621032403,-3.02146958304717,-19.668028095571497,28.129211270255094,-8.657039487361892,-27.057197819377908,15.320323022146416,23.688769764030823,-12.831011404113617,-14.92794215433905,25.96418832401528,-22.141029631573723,26.449139313055618,12.111162730337492,20.86058031127606,-17.44369542919964,-2.694497434102667,-25.135579381608203,21.067345881056607,3.7229302724197635,-10.842252808847586,-7.506075451158087,22.067737028963318,-7.669446419060507,-25.578591253661422,-18.009728774639427,-27.030407029753153,4.002592617225333,-22.684495620915115,1.3267153353183598,-22.976383358921254,16.19510797560818,-7.496649679555566,19.403204348935304,-27.20183264637687,5.874791967036152,26.949023433191165,-12.672135391025577,23.329957861384994,-23.904875781040108,-26.081128095748603,-15.942021674976393,25.985909183184084,-26.21232205925361,-14.146944477688102,29.971909545788396,-17.28073169922077,-0.09541420354881439,-12.570693178848991,10.365271232447737,27.47946486183688,15.99310069259073,9.967422697781734,-22.14331593702531,-24.275222301307988,
